               Entry              Nevents                           Time                    Temperature                         Energy                  O*                  CO*                  O2*                   O2                   CO                  CO2
                   1                    0         0.0000000000000000E+00         4.2300000000000000E+02        -5.5295999999999999E+01                   0                    0                    0                    0                    0                    0
                   2               383865         1.0000000000000001E-01         4.2300000000000000E+02        -8.3522940000001017E+02                 562                  112                    0                 -281                 -112                    0
                   3               592768         2.0000000000000001E-01         4.2300000000000000E+02        -1.4771138000000217E+03                1024                  203                    0                 -517                 -213                   10
                   4               760879         3.0000000000000004E-01         4.2300000000000000E+02        -1.9774214000000306E+03                1397                  266                    0                 -712                 -293                   27
                   5               954534         4.0000000000000002E-01         4.2300000000000000E+02        -2.5555845999999574E+03                1813                  350                    0                 -932                 -401                   51
                   6              1114611         5.0000000000000000E-01         4.2300000000000000E+02        -3.0522893999998814E+03                2187                  409                    0                -1132                 -486                   77
                   7              1258801         5.9999999999999998E-01         4.2300000000000000E+02        -3.4470445999998174E+03                2503                  441                    0                -1315                 -568                  127
                   8              1419277         6.9999999999999996E-01         4.2300000000000000E+02        -3.8125651999997617E+03                2776                  488                    0                -1479                 -670                  182
                   9              1564281         7.9999999999999993E-01         4.2300000000000000E+02        -4.1527143999998125E+03                3047                  519                    0                -1643                 -758                  239
                  10              1673356         8.9999999999999991E-01         4.2300000000000000E+02        -4.4297523999998666E+03                3262                  547                    0                -1778                 -841                  294
                  11              1785564         9.9999999999999989E-01         4.2300000000000000E+02        -4.6430043999999089E+03                3452                  552                    0                -1910                 -920                  368
                  12              1906585         1.0999999999999999E+00         4.2300000000000000E+02        -4.8684295999999567E+03                3653                  556                    1                -2056                -1013                  457
                  13              2009919         1.2000000000000000E+00         4.2300000000000000E+02        -4.9839103999999879E+03                3792                  533                    0                -2168                -1077                  544
                  14              2138090         1.3000000000000000E+00         4.2300000000000000E+02        -5.1459504000000270E+03                3962                  518                    0                -2297                -1150                  632
                  15              2263636         1.4000000000000001E+00         4.2300000000000000E+02        -5.2685572000000639E+03                4101                  498                    0                -2411                -1219                  721
                  16              2380954         1.5000000000000002E+00         4.2300000000000000E+02        -5.4144986000000945E+03                4243                  493                    0                -2524                -1298                  805
                  17              2498097         1.6000000000000003E+00         4.2300000000000000E+02        -5.5440806000001285E+03                4378                  481                    0                -2635                -1373                  892
                  18              2609624         1.7000000000000004E+00         4.2300000000000000E+02        -5.6871612000001596E+03                4511                  480                    0                -2748                -1465                  985
                  19              2722062         1.8000000000000005E+00         4.2300000000000000E+02        -5.7607642000001670E+03                4616                  457                    0                -2846                -1533                 1076
                  20              2828198         1.9000000000000006E+00         4.2300000000000000E+02        -5.8724166000002042E+03                4738                  441                    0                -2953                -1609                 1168
                  21              2949139         2.0000000000000004E+00         4.2300000000000000E+02        -5.9428940000002185E+03                4830                  423                    0                -3051                -1695                 1272
                  22              3061741         2.1000000000000005E+00         4.2300000000000000E+02        -6.0104754000002558E+03                4932                  391                    0                -3154                -1767                 1376
                  23              3166013         2.2000000000000006E+00         4.2300000000000000E+02        -6.1423282000002737E+03                5051                  395                    0                -3251                -1846                 1451
                  24              3277397         2.3000000000000007E+00         4.2300000000000000E+02        -6.2199798000002902E+03                5124                  394                    0                -3330                -1930                 1536
                  25              3376267         2.4000000000000008E+00         4.2300000000000000E+02        -6.2447818000003090E+03                5169                  376                    0                -3397                -2001                 1625
                  26              3487473         2.5000000000000009E+00         4.2300000000000000E+02        -6.3082904000003164E+03                5252                  361                    0                -3487                -2083                 1722
                  27              3600570         2.6000000000000010E+00         4.2300000000000000E+02        -6.3592946000003394E+03                5338                  332                    0                -3582                -2158                 1826
                  28              3717062         2.7000000000000011E+00         4.2300000000000000E+02        -6.4965658000003586E+03                5444                  348                    0                -3672                -2248                 1900
                  29              3804815         2.8000000000000012E+00         4.2300000000000000E+02        -6.6192734000003920E+03                5547                  353                    0                -3758                -2322                 1969
                  30              3904206         2.9000000000000012E+00         4.2300000000000000E+02        -6.6816132000003909E+03                5596                  362                    0                -3825                -2416                 2054
                  31              4002732         3.0000000000000013E+00         4.2300000000000000E+02        -6.7559504000004017E+03                5702                  338                    0                -3925                -2486                 2148
                  32              4129534         3.1000000000000014E+00         4.2300000000000000E+02        -6.8069070000004249E+03                5770                  321                    0                -4001                -2553                 2232
                  33              4237147         3.2000000000000015E+00         4.2300000000000000E+02        -6.8753162000004450E+03                5846                  311                    0                -4082                -2629                 2318
                  34              4345069         3.3000000000000016E+00         4.2300000000000000E+02        -6.9479246000004669E+03                5933                  296                    0                -4160                -2683                 2387
                  35              4429393         3.4000000000000017E+00         4.2300000000000000E+02        -6.9669366000004620E+03                5973                  283                    0                -4224                -2758                 2475
                  36              4514861         3.5000000000000018E+00         4.2300000000000000E+02        -6.9971330000004791E+03                6015                  271                    0                -4281                -2818                 2547
                  37              4597302         3.6000000000000019E+00         4.2300000000000000E+02        -7.0275120000004881E+03                6060                  259                    0                -4343                -2885                 2626
                  38              4672800         3.7000000000000020E+00         4.2300000000000000E+02        -7.1238962000005022E+03                6151                  259                    0                -4421                -2950                 2691
                  39              4763260         3.8000000000000020E+00         4.2300000000000000E+02        -7.1823190000005025E+03                6215                  255                    0                -4492                -3024                 2769
                  40              4851721         3.9000000000000021E+00         4.2300000000000000E+02        -7.2540394000005290E+03                6272                  258                    1                -4555                -3094                 2836
                  41              4939154         4.0000000000000018E+00         4.2300000000000000E+02        -7.3026954000005235E+03                6317                  262                    0                -4613                -3171                 2909
                  42              5026078         4.1000000000000014E+00         4.2300000000000000E+02        -7.3278382000005504E+03                6361                  243                    0                -4671                -3224                 2981
                  43              5112842         4.2000000000000011E+00         4.2300000000000000E+02        -7.3592164000005596E+03                6392                  241                    0                -4720                -3289                 3048
                  44              5196605         4.3000000000000007E+00         4.2300000000000000E+02        -7.3521652000005479E+03                6401                  233                    0                -4764                -3360                 3127
                  45              5284746         4.4000000000000004E+00         4.2300000000000000E+02        -7.4225952000005655E+03                6456                  239                    0                -4823                -3429                 3190
                  46              5372995         4.5000000000000000E+00         4.2300000000000000E+02        -7.5017982000005695E+03                6511                  254                    0                -4879                -3501                 3247
                  47              5465850         4.5999999999999996E+00         4.2300000000000000E+02        -7.5676650000006011E+03                6570                  251                    0                -4946                -3573                 3322
                  48              5544952         4.6999999999999993E+00         4.2300000000000000E+02        -7.5676394000005921E+03                6597                  235                    0                -4997                -3632                 3397
                  49              5648936         4.7999999999999989E+00         4.2300000000000000E+02        -7.6565056000006207E+03                6668                  240                    0                -5065                -3702                 3462
                  50              5731762         4.8999999999999986E+00         4.2300000000000000E+02        -7.7067898000006235E+03                6729                  232                    0                -5130                -3763                 3531
                  51              5809510         4.9999999999999982E+00         4.2300000000000000E+02        -7.7447812000006243E+03                6771                  229                    0                -5184                -3826                 3597
                  52              5884914         5.0999999999999979E+00         4.2300000000000000E+02        -7.7841484000006349E+03                6802                  232                    0                -5231                -3892                 3660
                  53              5970992         5.1999999999999975E+00         4.2300000000000000E+02        -7.8405670000006539E+03                6850                  233                    0                -5289                -3961                 3728
                  54              6061677         5.2999999999999972E+00         4.2300000000000000E+02        -7.8894918000006601E+03                6904                  228                    0                -5348                -4020                 3792
                  55              6154141         5.3999999999999968E+00         4.2300000000000000E+02        -7.9347542000006688E+03                6946                  228                    0                -5401                -4084                 3856
                  56              6258144         5.4999999999999964E+00         4.2300000000000000E+02        -7.9635976000006794E+03                6968                  230                    0                -5451                -4164                 3934
                  57              6324241         5.5999999999999961E+00         4.2300000000000000E+02        -7.9912656000006882E+03                6988                  233                    0                -5492                -4229                 3996
                  58              6409977         5.6999999999999957E+00         4.2300000000000000E+02        -8.0216214000006730E+03                7022                  234                    0                -5545                -4302                 4068
                  59              6501345         5.7999999999999954E+00         4.2300000000000000E+02        -8.0292828000006675E+03                7039                  229                    0                -5587                -4364                 4135
                  60              6587138         5.8999999999999950E+00         4.2300000000000000E+02        -8.0662688000006810E+03                7089                  217                    0                -5645                -4418                 4201
                  61              6672530         5.9999999999999947E+00         4.2300000000000000E+02        -8.0868808000006939E+03                7114                  211                    0                -5691                -4479                 4268
                  62              6749348         6.0999999999999943E+00         4.2300000000000000E+02        -8.1477192000006899E+03                7161                  221                    0                -5739                -4538                 4317
                  63              6831291         6.1999999999999940E+00         4.2300000000000000E+02        -8.1871672000007475E+03                7191                  225                    0                -5787                -4608                 4383
                  64              6904504         6.2999999999999936E+00         4.2300000000000000E+02        -8.2133260000007413E+03                7220                  220                    0                -5833                -4666                 4446
                  65              7002949         6.3999999999999932E+00         4.2300000000000000E+02        -8.2105472000006775E+03                7231                  211                    0                -5875                -4730                 4519
                  66              7070621         6.4999999999999929E+00         4.2300000000000000E+02        -8.2168744000006773E+03                7252                  201                    0                -5920                -4789                 4588
                  67              7158517         6.5999999999999925E+00         4.2300000000000000E+02        -8.2793830000006401E+03                7290                  214                    0                -5966                -4856                 4642
                  68              7245557         6.6999999999999922E+00         4.2300000000000000E+02        -8.2844794000006241E+03                7302                  208                    0                -6003                -4912                 4704
                  69              7333191         6.7999999999999918E+00         4.2300000000000000E+02        -8.3239604000006111E+03                7332                  213                    0                -6046                -4973                 4760
                  70              7420160         6.8999999999999915E+00         4.2300000000000000E+02        -8.3989668000006022E+03                7399                  217                    0                -6107                -5032                 4815
                  71              7502765         6.9999999999999911E+00         4.2300000000000000E+02        -8.3911990000006099E+03                7410                  205                    0                -6150                -5095                 4890
                  72              7582305         7.0999999999999908E+00         4.2300000000000000E+02        -8.4086592000006494E+03                7426                  209                    0                -6186                -5155                 4946
                  73              7670548         7.1999999999999904E+00         4.2300000000000000E+02        -8.4712170000005954E+03                7465                  220                    0                -6238                -5231                 5011
                  74              7762326         7.2999999999999901E+00         4.2300000000000000E+02        -8.4799044000005852E+03                7462                  227                    0                -6270                -5305                 5078
                  75              7856233         7.3999999999999897E+00         4.2300000000000000E+02        -8.4467792000006448E+03                7466                  207                    0                -6312                -5365                 5158
                  76              7948786         7.4999999999999893E+00         4.2300000000000000E+02        -8.4968510000005681E+03                7490                  218                    0                -6351                -5430                 5212
                  77              8022728         7.5999999999999890E+00         4.2300000000000000E+02        -8.5098886000005568E+03                7503                  217                    0                -6389                -5492                 5275
                  78              8095181         7.6999999999999886E+00         4.2300000000000000E+02        -8.4925890000006129E+03                7500                  212                    0                -6420                -5552                 5340
                  79              8179489         7.7999999999999883E+00         4.2300000000000000E+02        -8.5099080000005924E+03                7525                  205                    0                -6463                -5606                 5401
                  80              8261309         7.8999999999999879E+00         4.2300000000000000E+02        -8.5027222000005841E+03                7511                  209                    0                -6491                -5680                 5471
                  81              8344896         7.9999999999999876E+00         4.2300000000000000E+02        -8.5005252000005821E+03                7516                  204                    0                -6527                -5742                 5538
                  82              8428078         8.0999999999999872E+00         4.2300000000000000E+02        -8.4790426000006137E+03                7503                  201                    0                -6555                -5808                 5607
                  83              8508935         8.1999999999999869E+00         4.2300000000000000E+02        -8.4911360000005443E+03                7520                  192                    0                -6592                -5856                 5664
                  84              8589427         8.2999999999999865E+00         4.2300000000000000E+02        -8.4847172000005485E+03                7526                  184                    0                -6626                -5910                 5726
                  85              8659940         8.3999999999999861E+00         4.2300000000000000E+02        -8.5597358000005243E+03                7569                  203                    0                -6669                -5972                 5769
                  86              8735138         8.4999999999999858E+00         4.2300000000000000E+02        -8.5944478000005165E+03                7589                  212                    0                -6709                -6041                 5829
                  87              8810790         8.5999999999999854E+00         4.2300000000000000E+02        -8.6016786000005322E+03                7598                  212                    0                -6743                -6100                 5888
                  88              8886072         8.6999999999999851E+00         4.2300000000000000E+02        -8.6213596000005746E+03                7618                  215                    0                -6784                -6165                 5950
                  89              8963455         8.7999999999999847E+00         4.2300000000000000E+02        -8.6463804000005221E+03                7632                  218                    0                -6824                -6234                 6016
                  90              9044759         8.8999999999999844E+00         4.2300000000000000E+02        -8.6550094000005174E+03                7637                  220                    0                -6854                -6291                 6071
                  91              9130192         8.9999999999999840E+00         4.2300000000000000E+02        -8.6190756000005313E+03                7618                  210                    0                -6879                -6350                 6140
                  92              9201416         9.0999999999999837E+00         4.2300000000000000E+02        -8.6325248000005668E+03                7634                  211                    0                -6917                -6411                 6200
                  93              9292639         9.1999999999999833E+00         4.2300000000000000E+02        -8.6169756000005036E+03                7623                  203                    0                -6948                -6476                 6273
                  94              9360246         9.2999999999999829E+00         4.2300000000000000E+02        -8.5816388000005718E+03                7614                  191                    0                -6979                -6535                 6344
                  95              9445291         9.3999999999999826E+00         4.2300000000000000E+02        -8.6219692000005562E+03                7646                  195                    0                -7023                -6595                 6400
                  96              9523218         9.4999999999999822E+00         4.2300000000000000E+02        -8.6442928000005704E+03                7649                  209                    0                -7055                -6670                 6461
                  97              9622660         9.5999999999999819E+00         4.2300000000000000E+02        -8.6547008000004935E+03                7659                  203                    0                -7100                -6744                 6541
                  98              9720853         9.6999999999999815E+00         4.2300000000000000E+02        -8.6218062000005575E+03                7646                  195                    0                -7133                -6815                 6620
                  99              9819099         9.7999999999999812E+00         4.2300000000000000E+02        -8.6358486000005123E+03                7653                  196                    0                -7168                -6879                 6683
                 100              9918194         9.8999999999999808E+00         4.2300000000000000E+02        -8.6278300000005584E+03                7655                  193                    0                -7202                -6942                 6749
                 101              9991358         9.9999999999999805E+00         4.2300000000000000E+02        -8.6468508000005058E+03                7669                  192                    0                -7235                -6993                 6801
                 102             10055866         1.0099999999999980E+01         4.2300000000000000E+02        -8.6844434000005149E+03                7682                  209                    0                -7266                -7059                 6850
                 103             10130262         1.0199999999999980E+01         4.2300000000000000E+02        -8.6470348000005215E+03                7674                  190                    0                -7295                -7106                 6916
                 104             10205689         1.0299999999999979E+01         4.2300000000000000E+02        -8.6406954000005371E+03                7677                  185                    0                -7327                -7162                 6977
                 105             10280745         1.0399999999999979E+01         4.2300000000000000E+02        -8.7030994000004957E+03                7707                  203                    0                -7366                -7228                 7025
                 106             10357507         1.0499999999999979E+01         4.2300000000000000E+02        -8.7102508000005000E+03                7719                  200                    0                -7403                -7287                 7087
                 107             10448322         1.0599999999999978E+01         4.2300000000000000E+02        -8.6628600000005390E+03                7705                  181                    0                -7438                -7352                 7171
                 108             10566997         1.0699999999999978E+01         4.2300000000000000E+02        -8.6820816000005434E+03                7723                  182                    0                -7476                -7411                 7229
                 109             10653361         1.0799999999999978E+01         4.2300000000000000E+02        -8.7043356000004896E+03                7743                  179                    0                -7515                -7466                 7287
                 110             10753761         1.0899999999999977E+01         4.2300000000000000E+02        -8.7301390000004885E+03                7755                  188                    0                -7553                -7539                 7351
                 111             10821447         1.0999999999999977E+01         4.2300000000000000E+02        -8.7635140000004794E+03                7775                  196                    0                -7586                -7593                 7397
                 112             10882727         1.1099999999999977E+01         4.2300000000000000E+02        -8.7669762000005012E+03                7781                  196                    0                -7614                -7643                 7447
                 113             10963470         1.1199999999999976E+01         4.2300000000000000E+02        -8.7550332000005037E+03                7771                  195                    0                -7644                -7712                 7517
                 114             11060075         1.1299999999999976E+01         4.2300000000000000E+02        -8.7540256000005538E+03                7773                  197                    0                -7676                -7776                 7579
                 115             11144108         1.1399999999999975E+01         4.2300000000000000E+02        -8.7737596000004742E+03                7783                  197                    0                -7709                -7832                 7635
                 116             11216497         1.1499999999999975E+01         4.2300000000000000E+02        -8.7519446000004809E+03                7783                  183                    0                -7746                -7892                 7709
                 117             11283113         1.1599999999999975E+01         4.2300000000000000E+02        -8.7787484000004806E+03                7802                  188                    0                -7782                -7950                 7762
                 118             11350819         1.1699999999999974E+01         4.2300000000000000E+02        -8.8066426000004958E+03                7818                  197                    0                -7816                -8011                 7814
                 119             11434754         1.1799999999999974E+01         4.2300000000000000E+02        -8.8653214000004864E+03                7857                  209                    0                -7862                -8076                 7867
                 120             11504996         1.1899999999999974E+01         4.2300000000000000E+02        -8.9056638000004659E+03                7884                  216                    0                -7903                -8138                 7922
                 121             11572603         1.1999999999999973E+01         4.2300000000000000E+02        -8.8785998000005038E+03                7884                  201                    0                -7941                -8199                 7998
                 122             11678980         1.2099999999999973E+01         4.2300000000000000E+02        -8.9060256000004592E+03                7888                  213                    0                -7973                -8271                 8058
                 123             11750175         1.2199999999999973E+01         4.2300000000000000E+02        -8.8825188000004309E+03                7894                  191                    0                -8012                -8321                 8130
                 124             11826118         1.2299999999999972E+01         4.2300000000000000E+02        -8.8918150000004807E+03                7915                  187                    0                -8051                -8374                 8187
                 125             11914385         1.2399999999999972E+01         4.2300000000000000E+02        -8.8969530000004179E+03                7920                  182                    0                -8085                -8432                 8250
                 126             11990324         1.2499999999999972E+01         4.2300000000000000E+02        -8.8919584000004543E+03                7912                  187                    0                -8114                -8503                 8316
                 127             12077761         1.2599999999999971E+01         4.2300000000000000E+02        -8.8773470000004218E+03                7910                  176                    0                -8144                -8554                 8378
                 128             12160550         1.2699999999999971E+01         4.2300000000000000E+02        -8.8954888000004139E+03                7924                  178                    0                -8177                -8608                 8430
                 129             12225355         1.2799999999999971E+01         4.2300000000000000E+02        -8.8890132000004050E+03                7921                  175                    0                -8203                -8660                 8485
                 130             12288278         1.2899999999999970E+01         4.2300000000000000E+02        -8.8746264000004303E+03                7932                  160                    0                -8240                -8708                 8548
                 131             12362784         1.2999999999999970E+01         4.2300000000000000E+02        -8.9369200000004275E+03                7965                  179                    0                -8279                -8772                 8593
                 132             12440969         1.3099999999999969E+01         4.2300000000000000E+02        -8.9652984000003926E+03                7977                  187                    0                -8310                -8830                 8643
                 133             12505990         1.3199999999999969E+01         4.2300000000000000E+02        -8.9385514000004059E+03                7967                  177                    0                -8336                -8882                 8705
                 134             12589520         1.3299999999999969E+01         4.2300000000000000E+02        -8.9632882000003901E+03                7991                  176                    0                -8375                -8935                 8759
                 135             12679171         1.3399999999999968E+01         4.2300000000000000E+02        -8.9244548000004324E+03                7974                  165                    0                -8402                -8995                 8830
                 136             12758851         1.3499999999999968E+01         4.2300000000000000E+02        -8.9222086000004474E+03                7978                  162                    0                -8433                -9050                 8888
                 137             12837694         1.3599999999999968E+01         4.2300000000000000E+02        -8.9621352000004044E+03                7996                  173                    0                -8469                -9115                 8942
                 138             12901846         1.3699999999999967E+01         4.2300000000000000E+02        -8.9671136000003971E+03                8003                  171                    0                -8500                -9168                 8997
                 139             12969491         1.3799999999999967E+01         4.2300000000000000E+02        -8.9756856000003900E+03                8018                  166                    0                -8534                -9216                 9050
                 140             13036647         1.3899999999999967E+01         4.2300000000000000E+02        -8.9823542000004363E+03                8036                  162                    0                -8574                -9274                 9112
                 141             13124716         1.3999999999999966E+01         4.2300000000000000E+02        -8.9935974000004480E+03                8047                  163                    0                -8612                -9340                 9177
                 142             13207534         1.4099999999999966E+01         4.2300000000000000E+02        -9.0178988000003847E+03                8059                  166                    0                -8648                -9403                 9237
                 143             13282573         1.4199999999999966E+01         4.2300000000000000E+02        -9.0407366000003876E+03                8073                  172                    0                -8681                -9461                 9289
                 144             13356545         1.4299999999999965E+01         4.2300000000000000E+02        -9.0553444000003765E+03                8092                  168                    0                -8717                -9510                 9342
                 145             13436043         1.4399999999999965E+01         4.2300000000000000E+02        -9.0882636000003731E+03                8093                  189                    0                -8745                -9586                 9397
                 146             13516198         1.4499999999999964E+01         4.2300000000000000E+02        -9.0894664000004122E+03                8087                  197                    0                -8770                -9650                 9453
                 147             13594333         1.4599999999999964E+01         4.2300000000000000E+02        -9.0585722000003971E+03                8071                  186                    0                -8793                -9701                 9515
                 148             13666259         1.4699999999999964E+01         4.2300000000000000E+02        -9.0403524000003854E+03                8062                  179                    0                -8817                -9751                 9572
                 149             13750998         1.4799999999999963E+01         4.2300000000000000E+02        -9.0376350000003567E+03                8050                  183                    0                -8838                -9809                 9626
                 150             13837176         1.4899999999999963E+01         4.2300000000000000E+02        -9.0392416000004232E+03                8058                  184                    0                -8872                -9870                 9686
                 151             13926695         1.4999999999999963E+01         4.2300000000000000E+02        -9.0205982000003696E+03                8051                  172                    0                -8907                -9935                 9763
                 152             14008908         1.5099999999999962E+01         4.2300000000000000E+02        -9.0358306000004468E+03                8053                  187                    0                -8934               -10002                 9815
                 153             14069499         1.5199999999999962E+01         4.2300000000000000E+02        -9.0680556000004253E+03                8063                  200                    0                -8964               -10065                 9865
                 154             14143565         1.5299999999999962E+01         4.2300000000000000E+02        -9.0761640000004045E+03                8070                  199                    0                -9000               -10129                 9930
                 155             14211608         1.5399999999999961E+01         4.2300000000000000E+02        -9.0469480000004478E+03                8070                  183                    0                -9033               -10179                 9996
                 156             14301677         1.5499999999999961E+01         4.2300000000000000E+02        -9.0353922000004259E+03                8056                  183                    0                -9059               -10245                10062
                 157             14385900         1.5599999999999961E+01         4.2300000000000000E+02        -9.0248964000004016E+03                8062                  170                    0                -9089               -10286                10116
                 158             14455362         1.5699999999999960E+01         4.2300000000000000E+02        -9.0504544000004171E+03                8092                  168                    0                -9130               -10336                10168
                 159             14526670         1.5799999999999960E+01         4.2300000000000000E+02        -9.0387236000004013E+03                8083                  165                    0                -9153               -10388                10223
                 160             14607462         1.5899999999999959E+01         4.2300000000000000E+02        -9.0722666000004265E+03                8088                  186                    0                -9181               -10460                10274
                 161             14689373         1.5999999999999959E+01         4.2300000000000000E+02        -9.0636286000004093E+03                8073                  189                    0                -9203               -10522                10333
                 162             14770630         1.6099999999999959E+01         4.2300000000000000E+02        -9.1044068000004154E+03                8074                  216                    0                -9228               -10598                10382
                 163             14843917         1.6199999999999960E+01         4.2300000000000000E+02        -9.0748692000004266E+03                8061                  206                    0                -9256               -10657                10451
                 164             14939483         1.6299999999999962E+01         4.2300000000000000E+02        -9.0717716000003820E+03                8063                  199                    0                -9289               -10714                10515
                 165             15033468         1.6399999999999963E+01         4.2300000000000000E+02        -9.0277666000004047E+03                8043                  185                    0                -9315               -10772                10587
                 166             15118427         1.6499999999999964E+01         4.2300000000000000E+02        -9.0359408000004187E+03                8069                  174                    0                -9361               -10827                10653
                 167             15202849         1.6599999999999966E+01         4.2300000000000000E+02        -9.0917556000003424E+03                8078                  199                    0                -9394               -10909                10710
                 168             15292055         1.6699999999999967E+01         4.2300000000000000E+02        -9.0496230000003616E+03                8055                  188                    0                -9416               -10965                10777
                 169             15368977         1.6799999999999969E+01         4.2300000000000000E+02        -9.0392846000003683E+03                8053                  183                    0                -9441               -11012                10829
                 170             15438495         1.6899999999999970E+01         4.2300000000000000E+02        -9.0666148000003413E+03                8059                  195                    0                -9473               -11082                10887
                 171             15514526         1.6999999999999972E+01         4.2300000000000000E+02        -9.0501254000003446E+03                8052                  189                    0                -9500               -11137                10948
                 172             15593123         1.7099999999999973E+01         4.2300000000000000E+02        -9.0350270000003784E+03                8050                  183                    0                -9529               -11191                11008
                 173             15671086         1.7199999999999974E+01         4.2300000000000000E+02        -9.0051290000003883E+03                8035                  174                    0                -9552               -11243                11069
                 174             15746472         1.7299999999999976E+01         4.2300000000000000E+02        -8.9764514000004001E+03                8017                  168                    0                -9577               -11305                11137
                 175             15825516         1.7399999999999977E+01         4.2300000000000000E+02        -8.9611014000004125E+03                8027                  152                    0                -9616               -11357                11205
                 176             15904089         1.7499999999999979E+01         4.2300000000000000E+02        -8.9983470000004072E+03                8035                  171                    0                -9644               -11424                11253
                 177             15986420         1.7599999999999980E+01         4.2300000000000000E+02        -9.0050868000003647E+03                8044                  166                    0                -9684               -11490                11324
                 178             16052612         1.7699999999999982E+01         4.2300000000000000E+02        -9.0246014000003543E+03                8062                  166                    0                -9717               -11538                11372
                 179             16122946         1.7799999999999983E+01         4.2300000000000000E+02        -9.0231330000003745E+03                8060                  168                    0                -9741               -11590                11422
                 180             16196126         1.7899999999999984E+01         4.2300000000000000E+02        -8.9811844000004094E+03                8042                  155                    0                -9762               -11637                11482
                 181             16265174         1.7999999999999986E+01         4.2300000000000000E+02        -9.0112856000003594E+03                8048                  167                    0                -9791               -11701                11534
                 182             16356388         1.8099999999999987E+01         4.2300000000000000E+02        -9.0086354000003575E+03                8057                  159                    0                -9829               -11760                11601
                 183             16447049         1.8199999999999989E+01         4.2300000000000000E+02        -9.0420434000003606E+03                8077                  168                    0                -9863               -11817                11649
                 184             16539435         1.8299999999999990E+01         4.2300000000000000E+02        -9.0310890000003583E+03                8060                  172                    0                -9889               -11890                11718
                 185             16622862         1.8399999999999991E+01         4.2300000000000000E+02        -9.0456168000004036E+03                8059                  186                    0                -9916               -11959                11773
                 186             16695303         1.8499999999999993E+01         4.2300000000000000E+02        -9.0500170000004455E+03                8055                  195                    0                -9942               -12024                11829
                 187             16761648         1.8599999999999994E+01         4.2300000000000000E+02        -9.0957792000004119E+03                8071                  212                    0                -9974               -12089                11877
                 188             16844297         1.8699999999999996E+01         4.2300000000000000E+02        -9.0517454000003981E+03                8057                  191                    0               -10006               -12146                11955
                 189             16937831         1.8799999999999997E+01         4.2300000000000000E+02        -9.0649552000003969E+03                8061                  197                    0               -10037               -12210                12013
                 190             17023962         1.8899999999999999E+01         4.2300000000000000E+02        -9.0952180000003536E+03                8065                  211                    0               -10071               -12288                12077
                 191             17130487         1.9000000000000000E+01         4.2300000000000000E+02        -9.0564520000004122E+03                8050                  200                    0               -10100               -12350                12150
                 192             17205572         1.9100000000000001E+01         4.2300000000000000E+02        -9.0576288000003988E+03                8054                  197                    0               -10135               -12413                12216
                 193             17292936         1.9200000000000003E+01         4.2300000000000000E+02        -9.0160434000004188E+03                8042                  179                    0               -10162               -12461                12282
                 194             17371888         1.9300000000000004E+01         4.2300000000000000E+02        -8.9950574000004763E+03                8037                  173                    0               -10191               -12518                12345
                 195             17448996         1.9400000000000006E+01         4.2300000000000000E+02        -9.0087500000004329E+03                8035                  180                    0               -10224               -12593                12413
                 196             17545622         1.9500000000000007E+01         4.2300000000000000E+02        -8.9981094000004432E+03                8042                  169                    0               -10261               -12649                12480
                 197             17631305         1.9600000000000009E+01         4.2300000000000000E+02        -8.9777392000004184E+03                8016                  171                    0               -10284               -12723                12552
                 198             17701811         1.9700000000000010E+01         4.2300000000000000E+02        -8.9863042000004516E+03                8021                  176                    0               -10313               -12781                12605
                 199             17771523         1.9800000000000011E+01         4.2300000000000000E+02        -9.0174660000004696E+03                8045                  182                    0               -10354               -12845                12663
                 200             17840967         1.9900000000000013E+01         4.2300000000000000E+02        -8.9966334000004335E+03                8032                  174                    0               -10378               -12898                12724
                 201             17919149         2.0000000000000014E+01         4.2300000000000000E+02        -8.9931304000003802E+03                8037                  164                    0               -10412               -12951                12787
                 202             17999151         2.0100000000000016E+01         4.2300000000000000E+02        -8.9859732000004187E+03                8036                  163                    0               -10439               -13005                12842
                 203             18074139         2.0200000000000017E+01         4.2300000000000000E+02        -8.9872604000003666E+03                8037                  159                    0               -10470               -13062                12903
                 204             18154229         2.0300000000000018E+01         4.2300000000000000E+02        -8.9928506000003927E+03                8053                  154                    0               -10505               -13111                12957
                 205             18220682         2.0400000000000020E+01         4.2300000000000000E+02        -9.0185894000003591E+03                8067                  159                    0               -10539               -13170                13011
                 206             18294607         2.0500000000000021E+01         4.2300000000000000E+02        -9.0325770000003631E+03                8065                  170                    0               -10566               -13237                13067
                 207             18368951         2.0600000000000023E+01         4.2300000000000000E+02        -9.0635940000004157E+03                8090                  178                    0               -10601               -13290                13112
                 208             18450186         2.0700000000000024E+01         4.2300000000000000E+02        -9.0753304000003991E+03                8107                  173                    0               -10643               -13352                13179
                 209             18526813         2.0800000000000026E+01         4.2300000000000000E+02        -9.0781716000003762E+03                8113                  169                    0               -10673               -13402                13233
                 210             18596643         2.0900000000000027E+01         4.2300000000000000E+02        -9.0809952000003905E+03                8116                  170                    0               -10703               -13460                13290
                 211             18682537         2.1000000000000028E+01         4.2300000000000000E+02        -9.1028958000004332E+03                8119                  186                    0               -10728               -13523                13337
                 212             18750603         2.1100000000000030E+01         4.2300000000000000E+02        -9.1017872000003845E+03                8121                  180                    0               -10759               -13577                13397
                 213             18830356         2.1200000000000031E+01         4.2300000000000000E+02        -9.0896720000003770E+03                8120                  172                    0               -10791               -13634                13462
                 214             18912206         2.1300000000000033E+01         4.2300000000000000E+02        -9.0779888000003630E+03                8129                  157                    0               -10831               -13690                13533
                 215             19000041         2.1400000000000034E+01         4.2300000000000000E+02        -9.0968038000003562E+03                8129                  169                    0               -10861               -13762                13593
                 216             19073472         2.1500000000000036E+01         4.2300000000000000E+02        -9.1179976000003153E+03                8148                  167                    0               -10897               -13813                13646
                 217             19147528         2.1600000000000037E+01         4.2300000000000000E+02        -9.1014638000003815E+03                8144                  164                    0               -10923               -13866                13702
                 218             19225392         2.1700000000000038E+01         4.2300000000000000E+02        -9.1019992000003767E+03                8141                  166                    0               -10955               -13935                13769
                 219             19294330         2.1800000000000040E+01         4.2300000000000000E+02        -9.1515812000003825E+03                8161                  186                    0               -10988               -14001                13815
                 220             19375616         2.1900000000000041E+01         4.2300000000000000E+02        -9.1465740000003534E+03                8160                  181                    0               -11019               -14059                13878
                 221             19480359         2.2000000000000043E+01         4.2300000000000000E+02        -9.1417796000003764E+03                8158                  181                    0               -11053               -14129                13948
                 222             19546459         2.2100000000000044E+01         4.2300000000000000E+02        -9.1513240000003934E+03                8165                  184                    0               -11082               -14183                13999
                 223             19620560         2.2200000000000045E+01         4.2300000000000000E+02        -9.1176392000003761E+03                8146                  173                    0               -11106               -14239                14066
                 224             19691079         2.2300000000000047E+01         4.2300000000000000E+02        -9.1235780000003979E+03                8150                  176                    0               -11135               -14296                14120
                 225             19772343         2.2400000000000048E+01         4.2300000000000000E+02        -9.0973278000004266E+03                8129                  175                    0               -11152               -14350                14175
                 226             19852097         2.2500000000000050E+01         4.2300000000000000E+02        -9.0615162000004075E+03                8121                  155                    0               -11181               -14396                14241
                 227             19924440         2.2600000000000051E+01         4.2300000000000000E+02        -9.0348978000004154E+03                8109                  146                    0               -11206               -14449                14303
                 228             19999469         2.2700000000000053E+01         4.2300000000000000E+02        -9.0475884000003898E+03                8117                  147                    0               -11232               -14494                14347
                 229             20071129         2.2800000000000054E+01         4.2300000000000000E+02        -9.0727548000003626E+03                8109                  167                    0               -11254               -14566                14399
                 230             20159247         2.2900000000000055E+01         4.2300000000000000E+02        -9.0699464000004082E+03                8122                  160                    0               -11288               -14614                14454
                 231             20215155         2.3000000000000057E+01         4.2300000000000000E+02        -9.0849252000004017E+03                8136                  160                    0               -11321               -14666                14506
                 232             20287289         2.3100000000000058E+01         4.2300000000000000E+02        -9.1163892000004162E+03                8151                  172                    0               -11354               -14729                14557
                 233             20368579         2.3200000000000060E+01         4.2300000000000000E+02        -9.1323832000003895E+03                8171                  167                    0               -11392               -14780                14613
                 234             20463171         2.3300000000000061E+01         4.2300000000000000E+02        -9.0957854000004136E+03                8157                  154                    0               -11419               -14835                14681
                 235             20544521         2.3400000000000063E+01         4.2300000000000000E+02        -9.1130640000003405E+03                8155                  161                    0               -11442               -14890                14729
                 236             20616015         2.3500000000000064E+01         4.2300000000000000E+02        -9.1381720000003188E+03                8155                  176                    0               -11468               -14957                14781
                 237             20699396         2.3600000000000065E+01         4.2300000000000000E+02        -9.1508498000003765E+03                8164                  183                    0               -11501               -15021                14838
                 238             20785223         2.3700000000000067E+01         4.2300000000000000E+02        -9.1293370000003797E+03                8155                  175                    0               -11529               -15078                14903
                 239             20857394         2.3800000000000068E+01         4.2300000000000000E+02        -9.1023462000003910E+03                8146                  164                    0               -11554               -15126                14962
                 240             20913359         2.3900000000000070E+01         4.2300000000000000E+02        -9.1077434000003796E+03                8147                  166                    0               -11582               -15183                15017
                 241             20981062         2.4000000000000071E+01         4.2300000000000000E+02        -9.0984202000003661E+03                8151                  156                    0               -11611               -15227                15071
                 242             21053628         2.4100000000000072E+01         4.2300000000000000E+02        -9.1320018000003711E+03                8164                  170                    0               -11643               -15292                15122
                 243             21156071         2.4200000000000074E+01         4.2300000000000000E+02        -9.1393492000003862E+03                8176                  168                    0               -11679               -15350                15182
                 244             21232444         2.4300000000000075E+01         4.2300000000000000E+02        -9.1427588000003707E+03                8179                  167                    0               -11710               -15408                15241
                 245             21306109         2.4400000000000077E+01         4.2300000000000000E+02        -9.1579456000003702E+03                8188                  171                    0               -11741               -15465                15294
                 246             21385435         2.4500000000000078E+01         4.2300000000000000E+02        -9.1230586000003841E+03                8173                  159                    0               -11765               -15516                15357
                 247             21465502         2.4600000000000080E+01         4.2300000000000000E+02        -9.1059292000003879E+03                8161                  156                    0               -11791               -15577                15421
                 248             21547926         2.4700000000000081E+01         4.2300000000000000E+02        -9.0691234000004060E+03                8152                  139                    0               -11821               -15629                15490
                 249             21633106         2.4800000000000082E+01         4.2300000000000000E+02        -9.0853662000004169E+03                8156                  148                    0               -11848               -15688                15540
                 250             21696363         2.4900000000000084E+01         4.2300000000000000E+02        -9.0733544000004113E+03                8142                  149                    0               -11869               -15745                15596
                 251             21769306         2.5000000000000085E+01         4.2300000000000000E+02        -9.0771798000004183E+03                8154                  144                    0               -11902               -15794                15650
